A=0.115100E-02
B=0.345600E-02
C=0.179900E-02
J=4