A=0.115100E-2
B=0.345600E-2
C=0.179900E-2
J=5