A=4.88569E-11
B=4.86067E-11
C=2.43214E-11
J=5